# R script for Peak Model
#  -- generated by MACS
p <- c(0.0488606121091,0.0592564870259,0.0670533932136,0.0758898868929,0.0842065868263,0.085246174318,0.0831669993347,0.0831669993347,0.0800482368596,0.0810878243513,0.0826472055888,0.0779690618762,0.0805680306055,0.0826472055888,0.0873253493014,0.0862857618097,0.0888847305389,0.0899243180306,0.0909639055223,0.0909639055223,0.0925232867598,0.0940826679973,0.0914836992681,0.0873253493014,0.0831669993347,0.0836867930805,0.082127411843,0.0810878243513,0.0800482368596,0.082127411843,0.0790086493679,0.0758898868929,0.0790086493679,0.0805680306055,0.0800482368596,0.0795284431138,0.082127411843,0.0836867930805,0.0873253493014,0.0883649367931,0.0909639055223,0.0956420492349,0.0914836992681,0.0909639055223,0.0909639055223,0.092003493014,0.0888847305389,0.0909639055223,0.0888847305389,0.0862857618097,0.0826472055888,0.0800482368596,0.0805680306055,0.0800482368596,0.0805680306055,0.0816076180971,0.0847263805722,0.0805680306055,0.0769294743846,0.0748502994012,0.0774492681304,0.0790086493679,0.0795284431138,0.0769294743846,0.0738107119095,0.0696523619428,0.0649742182302,0.0665335994677,0.0680929807053,0.0670533932136,0.0644544244844,0.0613356620093,0.0597762807718,0.0608158682635,0.062375249501,0.0602960745176,0.0602960745176,0.0582168995343,0.0576971057884,0.0556179308051,0.0582168995343,0.0639346307385,0.0649742182302,0.065494011976,0.065494011976,0.0675731869594,0.0712117431803,0.0727711244178,0.0748502994012,0.0764096806387,0.0748502994012,0.0691325681969,0.0680929807053,0.0665335994677,0.065494011976,0.0670533932136,0.0670533932136,0.0696523619428,0.0691325681969,0.0706919494345,0.0701721556886,0.0732909181637,0.075370093147,0.0764096806387,0.0769294743846,0.0764096806387,0.0727711244178,0.0696523619428,0.0717315369261,0.0774492681304,0.0800482368596,0.0800482368596,0.0790086493679,0.0810878243513,0.082127411843,0.0805680306055,0.0826472055888,0.0826472055888,0.0784888556221,0.075370093147,0.0769294743846,0.0774492681304,0.0816076180971,0.0810878243513,0.0805680306055,0.0842065868263,0.0868055555556,0.0909639055223,0.0956420492349,0.0894045242848,0.0862857618097,0.0842065868263,0.0784888556221,0.0784888556221,0.0805680306055,0.0779690618762,0.0784888556221,0.0748502994012,0.0712117431803,0.0769294743846,0.0779690618762,0.0800482368596,0.0816076180971,0.0836867930805,0.0842065868263,0.0868055555556,0.0862857618097,0.0857659680639,0.0868055555556,0.0857659680639,0.0842065868263,0.085246174318,0.0868055555556,0.0826472055888,0.0810878243513,0.0795284431138,0.0810878243513,0.082127411843,0.0826472055888,0.0836867930805,0.0842065868263,0.082127411843,0.0800482368596,0.0800482368596,0.0842065868263,0.0847263805722,0.0790086493679,0.0795284431138,0.0800482368596,0.0784888556221,0.0769294743846,0.0769294743846,0.0795284431138,0.0790086493679,0.075370093147,0.0727711244178,0.0743305056554,0.0748502994012,0.072251330672,0.0717315369261,0.0732909181637,0.072251330672,0.0691325681969,0.0738107119095,0.0738107119095,0.0805680306055,0.0831669993347,0.082127411843,0.0831669993347,0.0857659680639,0.0888847305389,0.0909639055223,0.0956420492349,0.0935628742515,0.0940826679973,0.0904441117764,0.0904441117764,0.092003493014,0.095122255489,0.0925232867598,0.0883649367931,0.0873253493014,0.0826472055888,0.082127411843,0.0784888556221,0.0764096806387,0.0748502994012,0.0748502994012,0.0738107119095,0.0738107119095,0.0774492681304,0.0769294743846,0.0774492681304,0.0816076180971,0.0857659680639,0.0878451430472,0.0883649367931,0.0888847305389,0.0878451430472,0.0909639055223,0.0894045242848,0.0899243180306,0.0925232867598,0.0899243180306,0.0862857618097,0.0857659680639,0.0842065868263,0.0816076180971,0.0816076180971,0.0810878243513,0.0816076180971,0.0826472055888,0.0842065868263,0.0836867930805,0.0868055555556,0.0873253493014,0.0878451430472,0.0914836992681,0.0894045242848,0.0878451430472,0.0878451430472,0.0935628742515,0.0904441117764,0.0998003992016,0.0998003992016,0.0992806054558,0.102919161677,0.100839986693,0.0992806054558,0.0972014304724,0.0940826679973,0.0842065868263,0.085246174318,0.0779690618762,0.0779690618762,0.0774492681304,0.0727711244178,0.0732909181637,0.0758898868929,0.0784888556221,0.0779690618762,0.0831669993347,0.0847263805722,0.0790086493679,0.0810878243513,0.0774492681304,0.0774492681304,0.0764096806387,0.075370093147,0.0738107119095,0.0748502994012,0.0712117431803,0.0670533932136,0.0686127744511,0.0660138057219,0.0706919494345,0.0738107119095,0.0758898868929,0.0743305056554,0.075370093147,0.0795284431138,0.0805680306055,0.0784888556221,0.0836867930805,0.0836867930805,0.0842065868263,0.0800482368596,0.0758898868929,0.0810878243513,0.0826472055888,0.0836867930805,0.0888847305389,0.092003493014,0.0857659680639,0.085246174318,0.085246174318,0.0894045242848,0.0946024617432,0.0904441117764,0.0914836992681,0.0935628742515,0.0914836992681,0.0925232867598,0.0982410179641,0.10499833666,0.110716067864,0.116953592814,0.120592149035,0.126829673985,0.129428642715,0.130468230206,0.135146373919,0.139304723886,0.14502245509,0.140864105123,0.142943280106,0.141903692615,0.142943280106,0.144502661344,0.143982867598,0.140864105123,0.137745342648,0.135146373919,0.128908848969,0.130468230206,0.127869261477,0.124230705256,0.119032767798,0.116433799069,0.120072355289,0.120072355289,0.120072355289,0.121111942781,0.122671324019,0.121111942781,0.117993180306,0.118512974052,0.121111942781,0.121111942781,0.114874417831,0.115914005323,0.119032767798,0.117993180306,0.116953592814,0.112795242848,0.115914005323,0.116953592814,0.115394211577,0.116953592814,0.121631736527,0.119552561544,0.119552561544,0.127349467731,0.12630988024,0.129428642715,0.127869261477,0.126829673985,0.12630988024,0.122151530273,0.115914005323,0.115914005323,0.114874417831,0.109156686627,0.112275449102,0.120072355289,0.121111942781,0.124750499002,0.12630988024,0.13254740519,0.138265136394,0.142943280106,0.144502661344,0.14502245509,0.14502245509,0.139824517631,0.135146373919,0.130468230206,0.130468230206,0.124230705256,0.12371091151,0.125270292748,0.125270292748,0.127869261477,0.12994843646,0.133067198935,0.137745342648,0.148141217565,0.148661011311,0.156977711244,0.15749750499,0.155938123752,0.150740186294,0.14502245509,0.147101630073,0.141903692615,0.143463073852,0.137745342648,0.138265136394,0.134106786427,0.134626580173,0.133067198935,0.134106786427,0.139824517631,0.130988023952,0.12994843646,0.126829673985,0.124230705256,0.122671324019,0.119552561544,0.11747338656,0.119552561544,0.122671324019,0.127869261477,0.134106786427,0.139824517631,0.13878493014,0.136185961411,0.137745342648,0.141903692615,0.14502245509,0.140864105123,0.142423486361,0.133067198935,0.131507817698,0.127349467731,0.125790086494,0.128389055223,0.128908848969,0.128389055223,0.122671324019,0.130468230206,0.127869261477,0.130988023952,0.13254740519,0.130988023952,0.134106786427,0.136185961411,0.139304723886,0.143463073852,0.143463073852,0.142943280106,0.142423486361,0.139824517631,0.138265136394,0.140864105123,0.143463073852,0.141903692615,0.13254740519,0.124750499002,0.127349467731,0.118512974052,0.116953592814,0.115914005323,0.109156686627,0.110196274118,0.107597305389,0.108117099135,0.109156686627,0.112795242848,0.111755655356,0.114354624085,0.11747338656,0.117993180306,0.119032767798,0.117993180306,0.115914005323,0.115394211577,0.11747338656,0.11747338656,0.120072355289,0.119032767798,0.115914005323,0.122671324019,0.12994843646,0.128389055223,0.132027611444,0.128389055223,0.127869261477,0.127869261477,0.12630988024,0.132027611444,0.133586992681,0.126829673985,0.127869261477,0.125790086494,0.125270292748,0.127349467731,0.128908848969,0.128908848969,0.127869261477,0.124230705256,0.12371091151,0.12630988024,0.125270292748,0.132027611444,0.12994843646,0.13254740519,0.12994843646,0.131507817698,0.136185961411,0.139824517631,0.144502661344,0.143982867598,0.14502245509,0.146581836327,0.149700598802,0.147621423819,0.148141217565,0.148661011311,0.142423486361,0.133067198935,0.127349467731,0.126829673985,