>GimmeMotifs_1
1.49244821205e-05	0.671616619903	0.179108709928	0.149259745687
0.462673870217	1.49244821205e-05	0.537296280819	1.49244821205e-05
0.059712852964	0.791012476867	1.49244821205e-05	0.149259745687
1.49244821205e-05	1.49244821205e-05	0.059712852964	0.940257298072
1.49244821205e-05	1.49244821205e-05	1.49244821205e-05	0.999955226554
0.0149394066026	0.985030744433	1.49244821205e-05	1.49244821205e-05
1.49244821205e-05	0.999955226554	1.49244821205e-05	1.49244821205e-05
>GimmeMotifs_2
0.999998500003	4.99999000002e-07	4.99999000002e-07	4.99999000002e-07
4.99999000002e-07	4.99999000002e-07	0.999998500003	4.99999000002e-07
4.99999000002e-07	4.99999000002e-07	0.999998500003	4.99999000002e-07
4.99999000002e-07	4.99999000002e-07	0.999998500003	4.99999000002e-07
0.999998500003	4.99999000002e-07	4.99999000002e-07	4.99999000002e-07
0.999998500003	4.99999000002e-07	4.99999000002e-07	4.99999000002e-07
>GimmeMotifs_3
0.407384091246	0.111131684195	0.481447193008	3.70315508814e-05
3.70315508814e-05	3.70315508814e-05	0.999888905347	3.70315508814e-05
3.70315508814e-05	3.70315508814e-05	0.999888905347	3.70315508814e-05
0.999888905347	3.70315508814e-05	3.70315508814e-05	3.70315508814e-05
0.370352540364	3.70315508814e-05	0.407384091246	0.222226336839
3.70315508814e-05	3.70315508814e-05	0.999888905347	3.70315508814e-05
0.25925788772	3.70315508814e-05	0.333320989483	0.407384091246
0.111131684195	3.70315508814e-05	0.888794252703	3.70315508814e-05
3.70315508814e-05	0.481447193008	0.51847874389	3.70315508814e-05
>GimmeMotifs_4
1.51505969335e-05	0.0454669413975	0.954502757409	1.51505969335e-05
0.999954548209	1.51505969335e-05	1.51505969335e-05	1.51505969335e-05
0.802996788073	0.030316344464	0.030316344464	0.136370522999
1.51505969335e-05	1.51505969335e-05	0.999954548209	1.51505969335e-05
1.51505969335e-05	0.136370522999	1.51505969335e-05	0.863599175808
0.0454669413975	0.121219926065	0.772695594206	0.060617538331
>GimmeMotifs_5
0.0344976208537	0.896507137439	1.72401903317e-05	0.0689780015171
0.0344976208537	0.482742569478	0.206899524171	0.275860285498
1.72401903317e-05	0.81030618578	0.103458382181	0.0862181918488
1.72401903317e-05	0.103458382181	0.896507137439	1.72401903317e-05
0.0517378111854	0.0862181918488	0.862026756775	1.72401903317e-05
1.72401903317e-05	0.982708089097	1.72401903317e-05	0.017257430522
0.017257430522	0.844786566444	0.103458382181	0.0344976208537
1.72401903317e-05	0.241379904834	0.586183711468	0.172419143507
0.189659333839	0.586183711468	0.224139714502	1.72401903317e-05
0.0344976208537	0.0689780015171	0.844786566444	0.0517378111854
>GimmeMotifs_6
0.0910006359975	0.418999324003	0.334999660001	0.155000379998
0.192000231999	0.277999888	0.352999588002	0.177000291999
0.230230309388	0.420419738059	0.178178465752	0.171171486801
0.140000439998	0.212000151999	0.580998676005	0.0670007319971
0.0909097266345	0.403595789827	0.449549652149	0.0559448313893
0.125000499998	0.334999660001	0.417999328003	0.122000511998
0.299999800001	0.293999824001	0.27999988	0.126000495998
0.107000571998	0.423999304003	0.299999800001	0.169000323999
0.00300399197601	0.298298104912	0.695693911135	0.00300399197601
0.0730737814864	0.157157528899	0.633632097569	0.136136592046
0.00300098799605	0.693998224007	0.299999800001	0.00300098799605
0.00300399197601	0.535534392255	0.00300399197601	0.458457623793
0.00300399197601	0.229229312395	0.459458620786	0.308308074843
0.00300399197601	0.990988024072	0.00300399197601	0.00300399197601
0.102000591998	0.366999532002	0.492999028004	0.0380008479966
0.00299799001802	0.558440325913	0.335663993351	0.102897690719
0.191000235999	0.282999868001	0.522998908004	0.00300098799605
0.142000431998	0.475999096004	0.290999836001	0.0910006359975
0.194000223999	0.335999656001	0.384999460002	0.0850006599974
0.0739267775154	0.399599801799	0.40259679282	0.123876627866
>GimmeMotifs_7
4.16597233794e-05	0.833236127312	4.16597233794e-05	0.166680553241
4.16597233794e-05	0.99987502083	4.16597233794e-05	4.16597233794e-05
4.16597233794e-05	0.99987502083	4.16597233794e-05	4.16597233794e-05
4.16597233794e-05	4.16597233794e-05	0.583277787035	0.416638893518
4.16597233794e-05	0.99987502083	4.16597233794e-05	4.16597233794e-05
4.16597233794e-05	0.99987502083	4.16597233794e-05	4.16597233794e-05
4.16597233794e-05	0.374979170138	4.16597233794e-05	0.624937510415
4.16597233794e-05	0.291659723379	0.0417013831028	0.666597233794
4.16597233794e-05	0.95821529745	0.0417013831028	4.16597233794e-05
