>Average_28
0.0699317665106	0.639689650338	0.0774918831838	0.212886699968
0.0336775706459	0.0137463539619	0.0103099372923	0.9422661381
0.00824808729048	0.0941585040316	0.0336775706459	0.863915838032
0.00756080395655	0.955324521445	0.0309284373101	0.00618623728869
0.00618623728869	0.962884638118	0.0213064706351	0.00962265395834
0.0881447748597	0.12319622489	0.121134374888	0.667524625362
>Meme_6_w6
0.999998500003	4.99999000002e-07	4.99999000002e-07	4.99999000002e-07
4.99999000002e-07	4.99999000002e-07	0.999998500003	4.99999000002e-07
4.99999000002e-07	4.99999000002e-07	0.999998500003	4.99999000002e-07
4.99999000002e-07	4.99999000002e-07	0.999998500003	4.99999000002e-07
0.999998500003	4.99999000002e-07	4.99999000002e-07	4.99999000002e-07
0.999998500003	4.99999000002e-07	4.99999000002e-07	4.99999000002e-07
>Average_26
0.148397895232	0.175135291224	0.132355457637	0.544111355907
0.0441220508652	0.733946867447	0.15641911403	0.0655119676584
0.032090222669	0.770042352035	5.34747919831e-06	0.197862077817
0.352938974567	0.43849864174	0.0641750978589	0.144387285833
5.34747919831e-06	0.967899082373	0.0267427434707	0.0053528266775
0.197862077817	0.459888558534	0.0641750978589	0.278074265791
0.0267427434707	0.0748700562555	5.34747919831e-06	0.898381852795
0.0267427434707	0.967899082373	0.0053528266775	5.34747919831e-06
0.0641750978589	0.925119248786	0.0053528266775	0.0053528266775
>Motif.6.4
1.51505969335e-05	0.0454669413975	0.954502757409	1.51505969335e-05
0.999954548209	1.51505969335e-05	1.51505969335e-05	1.51505969335e-05
0.802996788073	0.030316344464	0.030316344464	0.136370522999
1.51505969335e-05	1.51505969335e-05	0.999954548209	1.51505969335e-05
1.51505969335e-05	0.136370522999	1.51505969335e-05	0.863599175808
0.0454669413975	0.121219926065	0.772695594206	0.060617538331
>Motif.10.3
0.0344976208537	0.896507137439	1.72401903317e-05	0.0689780015171
0.0344976208537	0.482742569478	0.206899524171	0.275860285498
1.72401903317e-05	0.81030618578	0.103458382181	0.0862181918488
1.72401903317e-05	0.103458382181	0.896507137439	1.72401903317e-05
0.0517378111854	0.0862181918488	0.862026756775	1.72401903317e-05
1.72401903317e-05	0.982708089097	1.72401903317e-05	0.017257430522
0.017257430522	0.844786566444	0.103458382181	0.0344976208537
1.72401903317e-05	0.241379904834	0.586183711468	0.172419143507
0.189659333839	0.586183711468	0.224139714502	1.72401903317e-05
0.0344976208537	0.0689780015171	0.844786566444	0.0517378111854
>>Improbizer_CGCGGGACGGCCGCGCGCGG
0.0910006359975	0.418999324003	0.334999660001	0.155000379998
0.192000231999	0.277999888	0.352999588002	0.177000291999
0.230230309388	0.420419738059	0.178178465752	0.171171486801
0.140000439998	0.212000151999	0.580998676005	0.0670007319971
0.0909097266345	0.403595789827	0.449549652149	0.0559448313893
0.125000499998	0.334999660001	0.417999328003	0.122000511998
0.299999800001	0.293999824001	0.27999988	0.126000495998
0.107000571998	0.423999304003	0.299999800001	0.169000323999
0.00300399197601	0.298298104912	0.695693911135	0.00300399197601
0.0730737814864	0.157157528899	0.633632097569	0.136136592046
0.00300098799605	0.693998224007	0.299999800001	0.00300098799605
0.00300399197601	0.535534392255	0.00300399197601	0.458457623793
0.00300399197601	0.229229312395	0.459458620786	0.308308074843
0.00300399197601	0.990988024072	0.00300399197601	0.00300399197601
0.102000591998	0.366999532002	0.492999028004	0.0380008479966
0.00299799001802	0.558440325913	0.335663993351	0.102897690719
0.191000235999	0.282999868001	0.522998908004	0.00300098799605
0.142000431998	0.475999096004	0.290999836001	0.0910006359975
0.194000223999	0.335999656001	0.384999460002	0.0850006599974
0.0739267775154	0.399599801799	0.40259679282	0.123876627866
>Meme_7_w9
4.16597233794e-05	0.833236127312	4.16597233794e-05	0.166680553241
4.16597233794e-05	0.99987502083	4.16597233794e-05	4.16597233794e-05
4.16597233794e-05	0.99987502083	4.16597233794e-05	4.16597233794e-05
4.16597233794e-05	4.16597233794e-05	0.583277787035	0.416638893518
4.16597233794e-05	0.99987502083	4.16597233794e-05	4.16597233794e-05
4.16597233794e-05	0.99987502083	4.16597233794e-05	4.16597233794e-05
4.16597233794e-05	0.374979170138	4.16597233794e-05	0.624937510415
4.16597233794e-05	0.291659723379	0.0417013831028	0.666597233794
4.16597233794e-05	0.95821529745	0.0417013831028	4.16597233794e-05
