>Motif.5.1
0.0166	0.94	0.0267	0.0166
0.0166	0.0267	0.0267	0.9299
0.0166	0.0267	0.0267	0.9299
0.0166	0.94	0.0267	0.0166
0.0166	0.94	0.0267	0.0166
>Motif.5.2
0.0175	0.0282	0.0282	0.9262
0.0175	0.0282	0.0282	0.9262
0.045	0.9093	0.0282	0.0175
0.0175	0.8909	0.074	0.0175
0.0175	0.0282	0.0282	0.9262
>Motif.5.3
0.0192	0.0308	0.9308	0.0192
0.0192	0.9308	0.0308	0.0192
0.0192	0.0308	0.9308	0.0192
0.0192	0.0308	0.9308	0.0192
0.0192	0.0308	0.9308	0.0192
>Motif.5.4
0.0179	0.9353	0.0288	0.0179
0.0179	0.9353	0.0288	0.0179
0.0179	0.9353	0.0288	0.0179
0.0179	0.0288	0.0288	0.9244
0.0179	0.9353	0.0288	0.0179
>Motif.5.5
0.02	0.0321	0.928	0.02
0.02	0.0321	0.0321	0.9158
0.1289	0.819	0.0321	0.02
0.0563	0.7464	0.1774	0.02
0.02	0.928	0.0321	0.02
>Motif.6.1
0.0431	0.522	0.1229	0.3121
0.017	0.0274	0.0274	0.9281
0.017	0.0274	0.0274	0.9281
0.0431	0.8344	0.1055	0.017
0.017	0.9038	0.0621	0.017
0.017	0.0274	0.0274	0.9281
>Motif.6.2
0.0213	0.0343	0.9231	0.0213
0.0769	0.0343	0.5343	0.3546
0.0213	0.0343	0.0343	0.9102
0.0213	0.0343	0.0343	0.9102
0.0352	0.6593	0.2426	0.063
0.0213	0.8676	0.0898	0.0213
>Motif.6.3
0.0198	0.9284	0.0319	0.0198
0.0198	0.2351	0.7252	0.0198
0.0916	0.1275	0.761	0.0198
0.0198	0.6415	0.259	0.0796
0.0198	0.9284	0.0319	0.0198
0.0198	0.0319	0.9284	0.0198
>Motif.6.4
0.0212	0.0751	0.8826	0.0212
0.9108	0.034	0.034	0.0212
0.7329	0.0614	0.0614	0.1443
0.0212	0.034	0.9237	0.0212
0.0212	0.1572	0.034	0.7876
0.0622	0.1435	0.7184	0.0759
>Motif.6.5
0.0788	0.7754	0.1262	0.0197
0.0669	0.2796	0.6337	0.0197
0.1378	0.0317	0.1852	0.6453
0.0197	0.0317	0.1262	0.8224
0.0433	0.1852	0.0317	0.7398
0.0197	0.0317	0.9288	0.0197
>Motif.6.6
0.074	0.1954	0.7116	0.0191
0.0191	0.9312	0.0307	0.0191
0.0191	0.0307	0.9312	0.0191
0.0191	0.0307	0.9312	0.0191
0.1179	0.2283	0.5249	0.1289
0.0191	0.9312	0.0307	0.0191
>Motif.7.1
0.8441	0.1065	0.0305	0.019
0.019	0.0522	0.899	0.0298
0.019	0.0631	0.8882	0.0298
0.9201	0.0305	0.0305	0.019
0.7789	0.0305	0.0305	0.1601
0.1384	0.0305	0.8122	0.019
0.1058	0.2042	0.2368	0.4532
>Motif.7.2
0.0197	0.9288	0.0317	0.0197
0.3384	0.3504	0.2914	0.0197
0.0197	0.0317	0.9288	0.0197
0.0197	0.8108	0.0317	0.1378
0.3266	0.3622	0.0317	0.2794
0.0197	0.0317	0.9288	0.0197
0.0197	0.9288	0.0317	0.0197
>Motif.7.3
0.1542	0.4357	0.2559	0.1542
0.0193	0.9304	0.031	0.0193
0.9187	0.031	0.031	0.0193
0.0193	0.0535	0.908	0.0193
0.0193	0.076	0.8742	0.0305
0.5702	0.2334	0.1659	0.0305
0.9187	0.031	0.031	0.0193
>Motif.7.4
0.021	0.6274	0.1957	0.1559
0.4257	0.0338	0.5195	0.021
0.075	0.7353	0.0338	0.1559
0.021	0.0338	0.0877	0.8575
0.021	0.0338	0.0338	0.9114
0.0345	0.9107	0.0338	0.021
0.021	0.9242	0.0338	0.021
>Motif.7.5
0.7948	0.0805	0.0321	0.0926
0.0321	0.0805	0.8674	0.02
0.02	0.0563	0.8916	0.0321
0.7827	0.0563	0.1411	0.02
0.8311	0.0563	0.0805	0.0321
0.6737	0.0321	0.2258	0.0684
0.1047	0.6858	0.0321	0.1773
>Motif.7.6
0.0202	0.0325	0.0325	0.9148
0.0202	0.1195	0.107	0.7533
0.0699	0.8152	0.0946	0.0202
0.0202	0.9146	0.0449	0.0202
0.0948	0.0325	0.0573	0.8154
0.0202	0.1567	0.194	0.629
0.0326	0.778	0.0573	0.132
>Motif.7.7
0.0259	0.0416	0.0416	0.8908
0.0259	0.0416	0.9066	0.0259
0.8908	0.0416	0.0416	0.0259
0.0259	0.9066	0.0416	0.0259
0.4689	0.0416	0.0838	0.4056
0.0892	0.2526	0.4214	0.2369
0.2369	0.5057	0.2315	0.0259
>Motif.8.1
0.0202	0.7283	0.2189	0.0326
0.5172	0.1692	0.194	0.1196
0.0575	0.7531	0.0325	0.1569
0.0948	0.0325	0.0325	0.8402
0.0202	0.0325	0.0325	0.9148
0.0202	0.8898	0.0698	0.0202
0.0202	0.9146	0.0325	0.0326
0.0202	0.0822	0.2064	0.6911
>Motif.8.2
0.0425	0.4344	0.0774	0.4456
0.0195	0.0314	0.0314	0.9178
0.0195	0.1465	0.135	0.699
0.1116	0.7914	0.0774	0.0195
0.0886	0.8375	0.0544	0.0195
0.0771	0.0314	0.0314	0.8602
0.0425	0.0314	0.3308	0.5953
0.031	0.6532	0.0314	0.2844
>Motif.8.3
0.0527	0.874	0.051	0.0223
0.068	0.0358	0.0663	0.83
0.0223	0.1729	0.0358	0.769
0.0223	0.9197	0.0358	0.0223
0.068	0.7978	0.0663	0.068
0.0527	0.4473	0.1425	0.3575
0.0375	0.4625	0.2491	0.2509
0.0223	0.0358	0.0358	0.9062
>Motif.8.4
0.0194	0.0312	0.0312	0.9183
0.099	0.5204	0.0539	0.3266
0.0308	0.8845	0.0653	0.0194
0.0421	0.839	0.0994	0.0194
0.0421	0.2132	0.0312	0.7135
0.0194	0.2018	0.1336	0.6452
0.0308	0.4067	0.0994	0.4631
0.0194	0.8504	0.1108	0.0194
>Motif.8.5
0.9102	0.0343	0.0343	0.0213
0.2158	0.0343	0.7148	0.0352
0.0213	0.1315	0.7565	0.0908
0.2852	0.1315	0.562	0.0213
0.9102	0.0343	0.0343	0.0213
0.0213	0.1176	0.8398	0.0213
0.3824	0.187	0.3815	0.0491
0.7713	0.0343	0.1731	0.0213
>Motif.8.6
0.048	0.1957	0.0338	0.7225
0.0615	0.3171	0.5195	0.102
0.0345	0.1552	0.0473	0.763
0.021	0.0473	0.8297	0.102
0.075	0.0473	0.7893	0.0885
0.0345	0.1147	0.5599	0.2908
0.1559	0.1012	0.0473	0.6956
0.021	0.2631	0.0338	0.6821
>Motif.8.7
0.024	0.0385	0.5742	0.3633
0.024	0.4671	0.4314	0.0775
0.024	0.8421	0.0385	0.0954
0.0775	0.1457	0.2528	0.524
0.024	0.3957	0.5564	0.024
0.0954	0.0385	0.11	0.7561
0.024	0.0385	0.0385	0.899
0.024	0.0385	0.0742	0.8633
>Motif.8.8
0.0408	0.0551	0.8806	0.0236
0.4707	0.2615	0.2099	0.058
0.4363	0.1755	0.3647	0.0236
0.0236	0.0895	0.8118	0.0752
0.058	0.8806	0.0379	0.0236
0.058	0.829	0.0379	0.0752
0.0408	0.8634	0.0551	0.0408
0.0236	0.1583	0.7946	0.0236
>Motif.9.1
0.0234	0.9158	0.0375	0.0234
0.8002	0.1389	0.0375	0.0234
0.0234	0.0544	0.8989	0.0234
0.0234	0.0713	0.882	0.0234
0.8171	0.122	0.0375	0.0234
0.8509	0.0375	0.0882	0.0234
0.4456	0.0713	0.426	0.0571
0.0234	0.4935	0.1727	0.3105
0.3105	0.2571	0.3415	0.0909
>Motif.9.2
0.6135	0.26	0.0768	0.0496
0.0215	0.8944	0.0345	0.0496
0.1201	0.0345	0.0345	0.8109
0.0356	0.0345	0.0627	0.8673
0.0356	0.8521	0.0768	0.0356
0.0215	0.9226	0.0345	0.0215
0.0778	0.0768	0.1614	0.684
0.0637	0.3164	0.3587	0.2611
0.1342	0.2037	0.105	0.5571
>Motif.9.3
0.0213	0.0898	0.0759	0.813
0.0352	0.6731	0.062	0.2296
0.2574	0.6037	0.062	0.0769
0.0213	0.8259	0.1037	0.0491
0.0213	0.0759	0.1037	0.7991
0.0213	0.3676	0.0343	0.5769
0.0491	0.687	0.1454	0.1185
0.0213	0.9093	0.0481	0.0213
0.0213	0.1176	0.0343	0.8269
>Motif.9.4
0.0213	0.0343	0.062	0.8824
0.0352	0.2426	0.0343	0.688
0.0352	0.8954	0.0481	0.0213
0.0491	0.8398	0.0898	0.0213
0.0213	0.0343	0.1731	0.7713
0.0352	0.3954	0.187	0.3824
0.0213	0.3537	0.2009	0.4241
0.063	0.7148	0.0898	0.1324
0.0769	0.0343	0.1037	0.7852
>Motif.9.5
0.0236	0.0379	0.1927	0.7459
0.0752	0.2787	0.1067	0.5395
0.058	0.0379	0.0551	0.8491
0.0236	0.1411	0.2615	0.5739
0.1611	0.5194	0.2959	0.0236
0.1783	0.4334	0.0723	0.3159
0.1439	0.0379	0.0379	0.7803
0.0236	0.0379	0.0379	0.9007
0.0408	0.6226	0.1239	0.2127
>Motif.9.6
0.1361	0.2208	0.092	0.5511
0.0216	0.7646	0.1492	0.0645
0.0932	0.8219	0.0347	0.0502
0.5654	0.1635	0.0634	0.2077
0.0216	0.9077	0.0347	0.0359
0.3221	0.1349	0.1492	0.3937
0.0789	0.1349	0.0347	0.7515
0.0789	0.8648	0.0347	0.0216
0.0359	0.8791	0.049	0.0359
>Motif.9.7
0.73	0.0578	0.1506	0.0615
0.0244	0.1321	0.8005	0.043
0.1172	0.7077	0.1135	0.0615
0.5257	0.0764	0.0392	0.3586
0.0244	0.0392	0.8005	0.1358
0.0244	0.8934	0.0578	0.0244
0.043	0.0392	0.1506	0.7671
0.0244	0.0578	0.522	0.3958
0.0615	0.7077	0.1878	0.043
>Motif.9.8
0.0216	0.2494	0.6215	0.1075
0.0216	0.5643	0.3925	0.0216
0.0216	0.092	0.8505	0.0359
0.0502	0.2065	0.7074	0.0359
0.1218	0.7217	0.1349	0.0216
0.0216	0.9077	0.049	0.0216
0.0359	0.092	0.8219	0.0502
0.0932	0.6358	0.2351	0.0359
0.0359	0.1635	0.7789	0.0216
>Motif.9.9
0.0456	0.2829	0.626	0.0456
0.0254	0.7067	0.2224	0.0456
0.7518	0.0408	0.182	0.0254
0.207	0.0408	0.5251	0.2272
0.0254	0.8681	0.061	0.0456
0.0456	0.8681	0.0408	0.0456
0.0456	0.7067	0.1417	0.1061
0.6913	0.0408	0.2426	0.0254
0.0254	0.061	0.8883	0.0254
>Motif.10.1
0.0375	0.6454	0.0358	0.2813
0.0223	0.0358	0.0358	0.9062
0.0223	0.2187	0.0358	0.7233
0.0375	0.7978	0.1425	0.0223
0.0223	0.8588	0.0967	0.0223
0.068	0.1272	0.1577	0.6471
0.0375	0.2796	0.1577	0.5252
0.0223	0.3863	0.1425	0.449
0.0832	0.7673	0.051	0.0985
0.0527	0.0358	0.0663	0.8452
>Motif.10.2
0.0218	0.1803	0.1658	0.6321
0.0363	0.7326	0.1367	0.0944
0.356	0.253	0.2094	0.1816
0.0508	0.6018	0.0931	0.2543
0.0218	0.0641	0.035	0.8792
0.0218	0.0641	0.035	0.8792
0.0218	0.8198	0.1222	0.0363
0.0218	0.907	0.035	0.0363
0.0799	0.035	0.0495	0.8356
0.0508	0.4564	0.282	0.2107
>Motif.10.3
0.0534	0.8261	0.0361	0.0844
0.0534	0.4543	0.222	0.2703
0.0224	0.7642	0.129	0.0844
0.0224	0.129	0.8261	0.0224
0.0689	0.1135	0.7952	0.0224
0.0224	0.9036	0.0361	0.0379
0.0379	0.7797	0.129	0.0534
0.0224	0.2529	0.5473	0.1773
0.1928	0.5628	0.222	0.0224
0.0534	0.098	0.7797	0.0689
>Motif.10.4
0.0606	0.7125	0.1299	0.097
0.0242	0.0571	0.0753	0.8434
0.0606	0.7853	0.0753	0.0788
0.0242	0.7125	0.0389	0.2244
0.3155	0.5486	0.1117	0.0242
0.0242	0.8581	0.0935	0.0242
0.2062	0.4212	0.1117	0.2609
0.0424	0.1663	0.0389	0.7524
0.0424	0.8763	0.0571	0.0242
0.1152	0.8217	0.0389	0.0242
>Motif.10.5
0.279	0.0416	0.6534	0.0259
0.3212	0.2948	0.0416	0.3423
0.047	0.0416	0.0416	0.8697
0.0259	0.1893	0.2315	0.5533
0.047	0.8222	0.1049	0.0259
0.0259	0.7378	0.1049	0.1314
0.047	0.0416	0.0416	0.8697
0.047	0.1893	0.6956	0.0681
0.3634	0.1049	0.337	0.1947
0.6377	0.0416	0.2526	0.0681
>Motif.10.6
0.6464	0.0917	0.2345	0.0274
0.0274	0.1393	0.8059	0.0274
0.5036	0.425	0.044	0.0274
0.5274	0.2583	0.0678	0.1464
0.0274	0.1631	0.7821	0.0274
0.0988	0.8298	0.044	0.0274
0.5274	0.1631	0.0917	0.2179
0.1226	0.1631	0.6631	0.0512
0.0274	0.8536	0.0917	0.0274
0.1226	0.0678	0.0678	0.7417
>Motif.10.7
0.1041	0.6921	0.0996	0.1041
0.0251	0.0799	0.0799	0.8151
0.0449	0.6921	0.1589	0.1041
0.0646	0.0404	0.0601	0.8349
0.0844	0.2576	0.5539	0.1041
0.0251	0.3761	0.5736	0.0251
0.1831	0.3761	0.0601	0.3806
0.0251	0.0601	0.0404	0.8744
0.0251	0.7711	0.0799	0.1239
0.0449	0.7909	0.0799	0.0844
>Motif.10.8
0.1494	0.1031	0.0412	0.7063
0.0463	0.1237	0.5981	0.2319
0.0463	0.0825	0.8456	0.0256
0.0669	0.0825	0.825	0.0256
0.335	0.1443	0.0412	0.4794
0.0256	0.1237	0.1031	0.7476
0.0875	0.2268	0.5362	0.1494
0.0875	0.6188	0.2268	0.0669
0.0256	0.7425	0.0618	0.17
0.0256	0.1856	0.0412	0.7476
>Motif.10.9
0.5872	0.1865	0.1865	0.0397
0.1393	0.1202	0.6013	0.1393
0.0232	0.8999	0.0372	0.0397
0.0232	0.4022	0.5183	0.0563
0.2222	0.7008	0.0372	0.0397
0.1393	0.1202	0.5515	0.1891
0.0232	0.087	0.7837	0.1061
0.0232	0.734	0.2197	0.0232
0.0895	0.1534	0.4354	0.3218
0.0232	0.9165	0.0372	0.0232
>Motif.10.10
0.0236	0.1411	0.8118	0.0236
0.7115	0.0551	0.1927	0.0408
0.1267	0.0895	0.7602	0.0236
0.5051	0.0895	0.3475	0.058
0.0236	0.2099	0.657	0.1095
0.0236	0.0379	0.915	0.0236
0.0236	0.1927	0.743	0.0408
0.2471	0.4162	0.1755	0.1611
0.1267	0.1239	0.3131	0.4363
0.0236	0.0379	0.915	0.0236
>BioProspector_w5_1
0.0188247011952	0.00129482071713	0.978486055777	0.00139442231076
0.559760956175	0.437549800797	0.00129482071713	0.00139442231076
0.385258964143	0.612051792829	0.00129482071713	0.00139442231076
0.00139442231076	0.995916334661	0.00129482071713	0.00139442231076
0.00139442231076	0.00129482071713	0.995916334661	0.00139442231076
>BioProspector_w5_2
0.673804780876	0.323007968127	0.00159362549801	0.00159362549801
0.00159378424146	0.00159378424146	0.995218647276	0.00159378424146
0.00159378424146	0.995218647276	0.00159378424146	0.00159378424146
0.00159378424146	0.00159378424146	0.995218647276	0.00159378424146
0.995219123506	0.00159362549801	0.00159362549801	0.00159362549801
>BioProspector_w5_3
0.344322709163	0.00129482071713	0.652988047809	0.00139442231076
0.996015539396	0.00129494969618	0.00129494969618	0.00139456121128
0.310028881585	0.447166616871	0.241410218106	0.0013942834379
0.0185258964143	0.978784860558	0.00129482071713	0.00139442231076
0.00139442231076	0.00129482071713	0.995916334661	0.00139442231076
>BioProspector_w5_4
0.00149402390438	0.99561752988	0.00139442231076	0.00149402390438
0.00149402390438	0.00139442231076	0.99561752988	0.00149402390438
0.00149402390438	0.421215139442	0.354880478088	0.222410358566
0.00149417272637	0.00139456121128	0.00139456121128	0.995716704851
0.00149402390438	0.99561752988	0.00139442231076	0.00149402390438
>BioProspector_w5_5
0.00139442231076	0.443326693227	0.553884462151	0.00139442231076
0.995817149686	0.0013942834379	0.0013942834379	0.0013942834379
0.00139442231076	0.572310756972	0.424900398406	0.00139442231076
0.00139442231076	0.995816733068	0.00139442231076	0.00139442231076
0.00139442231076	0.00139442231076	0.995816733068	0.00139442231076
>BioProspector_w6_1
0.00149402390438	0.00139442231076	0.99561752988	0.00149402390438
0.00149402390438	0.520119521912	0.260756972112	0.217629482072
0.00149402390438	0.00139442231076	0.00139442231076	0.995717131474
0.00149402390438	0.99561752988	0.00139442231076	0.00149402390438
0.00149402390438	0.649800796813	0.347211155378	0.00149402390438
0.00149402390438	0.00139442231076	0.99561752988	0.00149402390438
>BioProspector_w6_2
0.00139442231076	0.00139442231076	0.995816733068	0.00139442231076
0.00139442231076	0.652290836653	0.344920318725	0.00139442231076
0.381075697211	0.00139442231076	0.00139442231076	0.616135458167
0.00139442231076	0.995816733068	0.00139442231076	0.00139442231076
0.00139442231076	0.561852589641	0.435358565737	0.00139442231076
0.00139442231076	0.00139442231076	0.995816733068	0.00139442231076
>BioProspector_w6_3
0.0013942834379	0.399163429937	0.598048003187	0.0013942834379
0.0179282868526	0.631274900398	0.349402390438	0.00139442231076
0.00139442231076	0.00129482071713	0.00129482071713	0.996015936255
0.00139442231076	0.531772908367	0.266533864542	0.200298804781
0.00139442231076	0.995916334661	0.00129482071713	0.00139442231076
0.00139442231076	0.00129482071713	0.995916334661	0.00139442231076
>BioProspector_w6_4
0.0396414342629	0.957569721116	0.00139442231076	0.00139442231076
0.00139442231076	0.00139442231076	0.995816733068	0.00139442231076
0.00139442231076	0.058764940239	0.59422310757	0.34561752988
0.00139442231076	0.00139442231076	0.575099601594	0.422111553785
0.00139442231076	0.995816733068	0.00139442231076	0.00139442231076
0.00139442231076	0.364741035857	0.632470119522	0.00139442231076
>BioProspector_w6_5
0.00139442231076	0.00129482071713	0.995916334661	0.00139442231076
0.0013942834379	0.692460910268	0.304750522856	0.0013942834379
0.271115537849	0.169920318725	0.00129482071713	0.557669322709
0.00139442231076	0.995916334661	0.00129482071713	0.00139442231076
0.00139442231076	0.591334661355	0.405876494024	0.00139442231076
0.00139442231076	0.00129482071713	0.995916334661	0.00139442231076
>BioProspector_w7_1
0.00129494969618	0.996115150911	0.00129494969618	0.00129494969618
0.00129482071713	0.272609561753	0.724800796813	0.00129482071713
0.00129482071713	0.453486055777	0.543924302789	0.00129482071713
0.00129482071713	0.00129482071713	0.00129482071713	0.996115537849
0.00129482071713	0.679581673307	0.00129482071713	0.317828685259
0.00129482071713	0.453486055777	0.332868525896	0.21235059761
0.00129482071713	0.257569721116	0.73984063745	0.00129482071713
>BioProspector_w7_2
0.00129482071713	0.785059760956	0.21235059761	0.00129482071713
0.00129494969618	0.0465185775476	0.95089152306	0.00129494969618
0.00129494969618	0.347943022213	0.423348939137	0.227413088953
0.00129482071713	0.00129482071713	0.00129482071713	0.996115537849
0.00129494969618	0.664508417173	0.00129494969618	0.332901683435
0.00129494969618	0.559019822692	0.438390277916	0.00129494969618
0.00129494969618	0.393166650065	0.604243450543	0.00129494969618
>BioProspector_w7_3
0.00129482071713	0.498705179283	0.498705179283	0.00129482071713
0.00129482071713	0.25	0.747410358566	0.00129482071713
0.00129482071713	0.469422310757	0.293924302789	0.235358565737
0.25	0.00129482071713	0.00129482071713	0.747410358566
0.00129482071713	0.966832669323	0.030577689243	0.00129482071713
0.00129494969618	0.542583922701	0.454826177906	0.00129494969618
0.00129482071713	0.00129482071713	0.996115537849	0.00129482071713
>BioProspector_w7_4
0.0013942834379	0.99591674136	0.00129469176377	0.0013942834379
0.0013942834379	0.32217906583	0.675032367294	0.0013942834379
0.113645418327	0.1296812749	0.498605577689	0.258067729084
0.00139442231076	0.00129482071713	0.00129482071713	0.996015936255
0.00139442231076	0.626992031873	0.00129482071713	0.3703187251
0.0013942834379	0.578826810079	0.418384623046	0.0013942834379
0.0013942834379	0.40235036351	0.594861069615	0.0013942834379
>BioProspector_w7_5
0.0013942834379	0.99591674136	0.00129469176377	0.0013942834379
0.0013942834379	0.245891843442	0.751319589682	0.0013942834379
0.0013942834379	0.00129469176377	0.8328851708	0.164425853999
0.00139442231076	0.00129482071713	0.00129482071713	0.996015936255
0.0013942834379	0.392590379444	0.0991933074395	0.506822029678
0.00139442231076	0.506772908367	0.311155378486	0.180677290837
0.0013942834379	0.571954984563	0.425256448561	0.0013942834379
>BioProspector_w8_1
0.00139442231076	0.995916334661	0.00129482071713	0.00139442231076
0.00139442231076	0.175796812749	0.821414342629	0.00139442231076
0.00139442231076	0.367729083665	0.629482071713	0.00139442231076
0.00139456121128	0.00129494969618	0.00129494969618	0.996015539396
0.00139442231076	0.594621513944	0.00129482071713	0.402689243028
0.00139442231076	0.524800796813	0.14093625498	0.332868525896
0.0013942834379	0.402649138532	0.594562294592	0.0013942834379
0.0013942834379	0.611990837566	0.385220595558	0.0013942834379
>BioProspector_w8_2
0.00139442231076	0.409860557769	0.39203187251	0.19671314741
0.0013942834379	0.995817149686	0.0013942834379	0.0013942834379
0.0013942834379	0.0013942834379	0.995817149686	0.0013942834379
0.00139442231076	0.39203187251	0.4453187251	0.16125498008
0.0013942834379	0.0013942834379	0.374265511403	0.622945921721
0.00139442231076	0.853784860558	0.00139442231076	0.143426294821
0.00139442231076	0.498605577689	0.480876494024	0.0191235059761
0.0013942834379	0.12568469276	0.871526740365	0.0013942834379
>BioProspector_w8_3
0.00139442231076	0.39203187251	0.4453187251	0.16125498008
0.00139442231076	0.658466135458	0.33874501992	0.00139442231076
0.0013942834379	0.0013942834379	0.995817149686	0.0013942834379
0.0013942834379	0.587391694054	0.249975102081	0.161238920426
0.00139442231076	0.498605577689	0.00139442231076	0.498605577689
0.00139442231076	0.676195219124	0.321015936255	0.00139442231076
0.0013942834379	0.995817149686	0.0013942834379	0.0013942834379
0.0013942834379	0.0013942834379	0.995817149686	0.0013942834379
>BioProspector_w8_4
0.00139442231076	0.995816733068	0.00139442231076	0.00139442231076
0.00139442231076	0.00139442231076	0.995816733068	0.00139442231076
0.00139442231076	0.406474103586	0.388147410359	0.203984063745
0.0013942834379	0.0013942834379	0.0013942834379	0.995817149686
0.00139442231076	0.645916334661	0.0198207171315	0.332868525896
0.00139442231076	0.60906374502	0.388147410359	0.00139442231076
0.00139442231076	0.461752988048	0.535458167331	0.00139442231076
0.222410358566	0.314442231076	0.351294820717	0.111852589641
>BioProspector_w8_5
0.0013942834379	0.675032367294	0.32217906583	0.0013942834379
0.0013942834379	0.418384623046	0.578826810079	0.0013942834379
0.0013942834379	0.00129469176377	0.99591674136	0.0013942834379
0.996015936255	0.00129482071713	0.00129482071713	0.00139442231076
0.290110546758	0.290110546758	0.418384623046	0.0013942834379
0.00139442231076	0.498605577689	0.498605577689	0.00139442231076
0.0013942834379	0.418384623046	0.578826810079	0.0013942834379
0.306175298805	0.00129482071713	0.675099601594	0.0174302788845
>BioProspector_w9_1
0.00139456121128	0.620579739018	0.37663113856	0.00139456121128
0.00139442231076	0.545517928287	0.451693227092	0.00139442231076
0.00139442231076	0.00139442231076	0.995816733068	0.00139442231076
0.414201772732	0.0013942834379	0.583009660392	0.0013942834379
0.545517928287	0.00139442231076	0.339143426295	0.113944223108
0.00139442231076	0.639342629482	0.357868525896	0.00139442231076
0.00139456121128	0.77069429226	0.226516585317	0.00139456121128
0.00139442231076	0.00139442231076	0.995816733068	0.00139442231076
0.151494023904	0.43296812749	0.376593625498	0.0389442231076
>BioProspector_w9_2
0.0013942834379	0.327158649537	0.481426152774	0.190020914252
0.00139442231076	0.807270916335	0.189940239044	0.00139442231076
0.00139442231076	0.00129482071713	0.995916334661	0.00139442231076
0.00139442231076	0.618625498008	0.224302788845	0.155677290837
0.00139456121128	0.412889730053	0.00129494969618	0.58442075904
0.00139442231076	0.670119521912	0.104183266932	0.224302788845
0.00139442231076	0.995916334661	0.00129482071713	0.00139442231076
0.00139442231076	0.17280876494	0.824402390438	0.00139442231076
0.00139442231076	0.447211155378	0.412848605578	0.138545816733
>BioProspector_w9_3
0.0013942834379	0.530724031471	0.306144806294	0.161736878797
0.0013942834379	0.755303256648	0.241908176476	0.0013942834379
0.0013942834379	0.00129469176377	0.99591674136	0.0013942834379
0.0013942834379	0.723234737576	0.00129469176377	0.274076287222
0.00139442231076	0.546812749004	0.0173306772908	0.434462151394
0.0013942834379	0.482521661189	0.514689771935	0.0013942834379
0.0013942834379	0.99591674136	0.00129469176377	0.0013942834379
0.00139442231076	0.00129482071713	0.65906374502	0.338247011952
0.0013942834379	0.354247584902	0.418384623046	0.225973508615
>BioProspector_w9_4
0.00139456121128	0.362984360992	0.362984360992	0.272636716804
0.00139442231076	0.435358565737	0.561852589641	0.00139442231076
0.00139442231076	0.00139442231076	0.995816733068	0.00139442231076
0.0013942834379	0.543770540783	0.0013942834379	0.453440892341
0.0013942834379	0.0013942834379	0.0013942834379	0.995817149686
0.00139442231076	0.688446215139	0.00139442231076	0.308764940239
0.00139442231076	0.760756972112	0.236454183267	0.00139442231076
0.00139442231076	0.616135458167	0.381075697211	0.00139442231076
0.00139442231076	0.146015936255	0.435358565737	0.417231075697
>BioProspector_w9_5
0.351294820717	0.259163346614	0.388147410359	0.00139442231076
0.00139442231076	0.995816733068	0.00139442231076	0.00139442231076
0.00139442231076	0.369721115538	0.627490039841	0.00139442231076
0.130278884462	0.185557768924	0.682768924303	0.00139442231076
0.480179282869	0.00139442231076	0.51703187251	0.00139442231076
0.553884462151	0.00139442231076	0.443326693227	0.00139442231076
0.00139442231076	0.461752988048	0.535458167331	0.00139442231076
0.00139442231076	0.51703187251	0.480179282869	0.00139442231076
0.00139442231076	0.00139442231076	0.995816733068	0.00139442231076
>family_1
0.15073067535	0.337981174021	0.316068881623	0.195219269006
0.152722701932	0.344621262626	0.333333111997	0.169322923445
0.133466444976	0.377157696792	0.358565448697	0.130810409534
0.0770256918308	0.494023256246	0.238379844941	0.190571206982
0.0637455146201	0.18725116268	0.446214618288	0.302788704412
0.0292170538724	0.779547066276	0.0909698779021	0.10026600195
0.032537098175	0.679945737196	0.240371871522	0.0471452931068
0.0763616829703	0.440902547404	0.405046068935	0.0776897006914
0.0637455146201	0.217131561404	0.627489037214	0.0916338867626
0.134130453837	0.42363831703	0.315404872763	0.126826356371
0.181275082935	0.359229457558	0.270916279107	0.188579180401
>BioProspector_w10_1
0.00139442231076	0.288247011952	0.613346613546	0.0970119521912
0.116135458167	0.422111553785	0.460358565737	0.00139442231076
0.25	0.747211155378	0.00139442231076	0.00139442231076
0.0778884462151	0.288247011952	0.632470119522	0.00139442231076
0.00139442231076	0.422111553785	0.575099601594	0.00139442231076
0.326494023904	0.00139442231076	0.670717131474	0.00139442231076
0.192629482072	0.00139442231076	0.708964143426	0.0970119521912
0.00139442231076	0.995816733068	0.00139442231076	0.00139442231076
0.00139442231076	0.00139442231076	0.995816733068	0.00139442231076
0.00139442231076	0.555976095618	0.441235059761	0.00139442231076
>BioProspector_w10_2
0.00139442231076	0.389043824701	0.372211155378	0.23735059761
0.0013942834379	0.422766656707	0.574444776417	0.0013942834379
0.0013942834379	0.641868339807	0.355343093317	0.0013942834379
0.00139442231076	0.00129482071713	0.23735059761	0.759960159363
0.00139442231076	0.321613545817	0.203585657371	0.473406374502
0.00139442231076	0.995916334661	0.00129482071713	0.00139442231076
0.00139442231076	0.321613545817	0.675597609562	0.00139442231076
0.0013942834379	0.557613783488	0.422766656707	0.0182252763669
0.00139456121128	0.00129494969618	0.675664906863	0.321645582229
0.00139442231076	0.726195219124	0.00129482071713	0.271115537849
>BioProspector_w10_3
0.00139442231076	0.524800796813	0.472410358566	0.00139442231076
0.00139456121128	0.856360195239	0.00129494969618	0.140950293854
0.00139442231076	0.542231075697	0.00129482071713	0.455079681275
0.0013942834379	0.489891445075	0.507319988049	0.0013942834379
0.0013942834379	0.489891445075	0.507319988049	0.0013942834379
0.00139442231076	0.524800796813	0.472410358566	0.00139442231076
0.00139442231076	0.00129482071713	0.385258964143	0.612051792829
0.0362549800797	0.699302788845	0.263047808765	0.00139442231076
0.00139442231076	0.995916334661	0.00129482071713	0.00139442231076
0.0013942834379	0.420077681506	0.577133751618	0.0013942834379
>BioProspector_w10_4
0.290708096803	0.236430634399	0.47146698536	0.0013942834379
0.326859874514	0.67035155861	0.0013942834379	0.0013942834379
0.00139442231076	0.616135458167	0.381075697211	0.00139442231076
0.00139442231076	0.308764940239	0.688446215139	0.00139442231076
0.00139442231076	0.00139442231076	0.995816733068	0.00139442231076
0.561896225476	0.0013942834379	0.435315207649	0.0013942834379
0.561896225476	0.0013942834379	0.435315207649	0.0013942834379
0.00139442231076	0.688446215139	0.308764940239	0.00139442231076
0.00139442231076	0.579980079681	0.417231075697	0.00139442231076
0.0556772908367	0.290637450199	0.652290836653	0.00139442231076
>BioProspector_w10_5
0.308764940239	0.399203187251	0.290637450199	0.00139442231076
0.00139442231076	0.435358565737	0.561852589641	0.00139442231076
0.00139442231076	0.489541832669	0.507669322709	0.00139442231076
0.00139442231076	0.00139442231076	0.995816733068	0.00139442231076
0.290708096803	0.0013942834379	0.706503336321	0.0013942834379
0.634262948207	0.218326693227	0.00139442231076	0.146015936255
0.00139442231076	0.579980079681	0.417231075697	0.00139442231076
0.0013942834379	0.598048003187	0.399163429937	0.0013942834379
0.00139442231076	0.00139442231076	0.995816733068	0.00139442231076
0.308764940239	0.326792828685	0.308764940239	0.0556772908367
>Meme_1_w6
0.966618892074	1.66655556296e-05	0.0166822211853	0.0166822211853
1.66655556296e-05	1.66655556296e-05	0.983284447703	0.0166822211853
1.66655556296e-05	1.66655556296e-05	0.999950003333	1.66655556296e-05
0.666638890741	0.100009999333	0.23333444437	1.66655556296e-05
0.999950003333	1.66655556296e-05	1.66655556296e-05	1.66655556296e-05
0.23333444437	1.66655556296e-05	0.766632224518	1.66655556296e-05
>Meme_2_w6
0.562473960503	2.08315973669e-05	0.208336805266	0.229168402633
2.08315973669e-05	0.729126739438	2.08315973669e-05	0.270831597367
2.08315973669e-05	2.08315973669e-05	2.08315973669e-05	0.999937505208
2.08315973669e-05	2.08315973669e-05	2.08315973669e-05	0.999937505208
2.08315973669e-05	0.999937505208	2.08315973669e-05	2.08315973669e-05
2.08315973669e-05	0.999937505208	2.08315973669e-05	2.08315973669e-05
>Meme_3_w6
0.998502994012	0.000499001996008	0.000499001996008	0.000499001996008
0.998502994012	0.000499001996008	0.000499001996008	0.000499001996008
0.998502994012	0.000499001996008	0.000499001996008	0.000499001996008
0.998502994012	0.000499001996008	0.000499001996008	0.000499001996008
0.000499001996008	0.000499001996008	0.000499001996008	0.998502994012
0.998502994012	0.000499001996008	0.000499001996008	0.000499001996008
>Meme_4_w6
0.998502994012	0.000499001996008	0.000499001996008	0.000499001996008
0.998502994012	0.000499001996008	0.000499001996008	0.000499001996008
0.000499001996008	0.000499001996008	0.998502994012	0.000499001996008
0.998502994012	0.000499001996008	0.000499001996008	0.000499001996008
0.998502994012	0.000499001996008	0.000499001996008	0.000499001996008
0.998502994012	0.000499001996008	0.000499001996008	0.000499001996008
>Meme_5_w6
0.000499001996008	0.000499001996008	0.998502994012	0.000499001996008
0.998502994012	0.000499001996008	0.000499001996008	0.000499001996008
0.000499001996008	0.000499001996008	0.998502994012	0.000499001996008
0.998502994012	0.000499001996008	0.000499001996008	0.000499001996008
0.998502994012	0.000499001996008	0.000499001996008	0.000499001996008
0.998502994012	0.000499001996008	0.000499001996008	0.000499001996008
>Meme_6_w6
0.998502994012	0.000499001996008	0.000499001996008	0.000499001996008
0.000499001996008	0.000499001996008	0.998502994012	0.000499001996008
0.000499001996008	0.000499001996008	0.998502994012	0.000499001996008
0.000499001996008	0.000499001996008	0.998502994012	0.000499001996008
0.998502994012	0.000499001996008	0.000499001996008	0.000499001996008
0.998502994012	0.000499001996008	0.000499001996008	0.000499001996008
>Meme_7_w6
0.998502994012	0.000499001996008	0.000499001996008	0.000499001996008
0.998502994012	0.000499001996008	0.000499001996008	0.000499001996008
0.000499001996008	0.000499001996008	0.998502994012	0.000499001996008
0.000499001996008	0.000499001996008	0.998502994012	0.000499001996008
0.998502994012	0.000499001996008	0.000499001996008	0.000499001996008
0.998502994012	0.000499001996008	0.000499001996008	0.000499001996008
>Meme_8_w6
0.998502994012	0.000499001996008	0.000499001996008	0.000499001996008
0.000499001996008	0.000499001996008	0.998502994012	0.000499001996008
0.000499001996008	0.000499001996008	0.998502994012	0.000499001996008
0.998502994012	0.000499001996008	0.000499001996008	0.000499001996008
0.998502994012	0.000499001996008	0.000499001996008	0.000499001996008
0.998502994012	0.000499001996008	0.000499001996008	0.000499001996008
>Meme_9_w6
0.998502994012	0.000499001996008	0.000499001996008	0.000499001996008
0.998502994012	0.000499001996008	0.000499001996008	0.000499001996008
0.998502994012	0.000499001996008	0.000499001996008	0.000499001996008
0.000499001996008	0.000499001996008	0.998502994012	0.000499001996008
0.998502994012	0.000499001996008	0.000499001996008	0.000499001996008
0.998502994012	0.000499001996008	0.000499001996008	0.000499001996008
>Meme_10_w6
0.000499001996008	0.000499001996008	0.998502994012	0.000499001996008
0.998502994012	0.000499001996008	0.000499001996008	0.000499001996008
0.000499001996008	0.000499001996008	0.998502994012	0.000499001996008
0.998502994012	0.000499001996008	0.000499001996008	0.000499001996008
0.000499001996008	0.000499001996008	0.998502994012	0.000499001996008
0.998502994012	0.000499001996008	0.000499001996008	0.000499001996008
>Meme_1_w8
0.819954403648	0.160007199424	1.9998400128e-05	0.0200183985281
0.0800135989121	1.9998400128e-05	0.919946404288	1.9998400128e-05
1.9998400128e-05	1.9998400128e-05	0.979941604672	0.0200183985281
0.939944804416	1.9998400128e-05	0.0600151987841	1.9998400128e-05
0.959943204544	1.9998400128e-05	1.9998400128e-05	0.0400167986561
0.29999600032	1.9998400128e-05	0.69996400288	1.9998400128e-05
0.220002399808	1.9998400128e-05	0.20000399968	0.579973602112
1.9998400128e-05	0.0800135989121	0.919946404288	1.9998400128e-05
>Meme_2_w8
0.288458580109	0.653815091147	1.92292900546e-05	0.0577070994539
0.461522190601	0.0769363895085	0.269229290055	0.192312129836
1.92292900546e-05	1.92292900546e-05	0.99994231213	1.92292900546e-05
1.92292900546e-05	1.92292900546e-05	0.99994231213	1.92292900546e-05
0.99994231213	1.92292900546e-05	1.92292900546e-05	1.92292900546e-05
0.99994231213	1.92292900546e-05	1.92292900546e-05	1.92292900546e-05
0.423063610492	0.0961656795631	0.423063610492	0.0577070994539
0.211541419891	0.730732251365	0.0577070994539	1.92292900546e-05
>Meme_3_w8
0.99957167333	0.000142775556825	0.000142775556825	0.000142775556825
0.856796116505	0.000142775556825	0.000142775556825	0.142918332381
0.99957167333	0.000142775556825	0.000142775556825	0.000142775556825
0.99957167333	0.000142775556825	0.000142775556825	0.000142775556825
0.142918332381	0.142918332381	0.142918332381	0.571245002856
0.99957167333	0.000142775556825	0.000142775556825	0.000142775556825
0.71402055968	0.000142775556825	0.285693889206	0.000142775556825
0.99957167333	0.000142775556825	0.000142775556825	0.000142775556825
>Meme_4_w8
0.998502994012	0.000499001996008	0.000499001996008	0.000499001996008
0.998502994012	0.000499001996008	0.000499001996008	0.000499001996008
0.000499001996008	0.000499001996008	0.000499001996008	0.998502994012
0.998502994012	0.000499001996008	0.000499001996008	0.000499001996008
0.998502994012	0.000499001996008	0.000499001996008	0.000499001996008
0.000499001996008	0.998502994012	0.000499001996008	0.000499001996008
0.998502994012	0.000499001996008	0.000499001996008	0.000499001996008
0.998502994012	0.000499001996008	0.000499001996008	0.000499001996008
>Meme_5_w8
0.000499001996008	0.000499001996008	0.000499001996008	0.998502994012
0.998502994012	0.000499001996008	0.000499001996008	0.000499001996008
0.499500998004	0.000499001996008	0.000499001996008	0.499500998004
0.000499001996008	0.000499001996008	0.000499001996008	0.998502994012
0.000499001996008	0.000499001996008	0.000499001996008	0.998502994012
0.000499001996008	0.000499001996008	0.000499001996008	0.998502994012
0.000499001996008	0.000499001996008	0.000499001996008	0.998502994012
0.998502994012	0.000499001996008	0.000499001996008	0.000499001996008
>Meme_6_w8
0.998502994012	0.000499001996008	0.000499001996008	0.000499001996008
0.998502994012	0.000499001996008	0.000499001996008	0.000499001996008
0.000499001996008	0.000499001996008	0.000499001996008	0.998502994012
0.000499001996008	0.998502994012	0.000499001996008	0.000499001996008
0.998502994012	0.000499001996008	0.000499001996008	0.000499001996008
0.000499001996008	0.000499001996008	0.000499001996008	0.998502994012
0.000499001996008	0.000499001996008	0.000499001996008	0.998502994012
0.998502994012	0.000499001996008	0.000499001996008	0.000499001996008
>Meme_7_w8
0.000499001996008	0.998502994012	0.000499001996008	0.000499001996008
0.000499001996008	0.000499001996008	0.000499001996008	0.998502994012
0.000499001996008	0.000499001996008	0.000499001996008	0.998502994012
0.998502994012	0.000499001996008	0.000499001996008	0.000499001996008
0.998502994012	0.000499001996008	0.000499001996008	0.000499001996008
0.998502994012	0.000499001996008	0.000499001996008	0.000499001996008
0.000499001996008	0.000499001996008	0.000499001996008	0.998502994012
0.998502994012	0.000499001996008	0.000499001996008	0.000499001996008
>Meme_8_w8
0.998502994012	0.000499001996008	0.000499001996008	0.000499001996008
0.998502994012	0.000499001996008	0.000499001996008	0.000499001996008
0.998502994012	0.000499001996008	0.000499001996008	0.000499001996008
0.000499001996008	0.000499001996008	0.000499001996008	0.998502994012
0.000499001996008	0.000499001996008	0.000499001996008	0.998502994012
0.000499001996008	0.998502994012	0.000499001996008	0.000499001996008
0.000499001996008	0.998502994012	0.000499001996008	0.000499001996008
0.998502994012	0.000499001996008	0.000499001996008	0.000499001996008
>Meme_9_w8
3.99936010238e-05	0.71992481203	3.99936010238e-05	0.279995200768
3.99936010238e-05	0.71992481203	3.99936010238e-05	0.279995200768
3.99936010238e-05	0.999880019197	3.99936010238e-05	3.99936010238e-05
3.99936010238e-05	0.999880019197	3.99936010238e-05	3.99936010238e-05
3.99936010238e-05	3.99936010238e-05	3.99936010238e-05	0.999880019197
3.99936010238e-05	0.999880019197	3.99936010238e-05	3.99936010238e-05
3.99936010238e-05	0.999880019197	3.99936010238e-05	3.99936010238e-05
3.99936010238e-05	0.71992481203	3.99936010238e-05	0.279995200768
>Meme_10_w8
0.998502994012	0.000499001996008	0.000499001996008	0.000499001996008
0.000499001996008	0.998502994012	0.000499001996008	0.000499001996008
0.998502994012	0.000499001996008	0.000499001996008	0.000499001996008
0.000499001996008	0.000499001996008	0.000499001996008	0.998502994012
0.000499001996008	0.998502994012	0.000499001996008	0.000499001996008
0.000499001996008	0.998502994012	0.000499001996008	0.000499001996008
0.000499001996008	0.000499001996008	0.000499001996008	0.998502994012
0.000499001996008	0.998502994012	0.000499001996008	0.000499001996008
>>Improbizer_CGCGGGACGGCCGCGCGCGG
0.0916334661355	0.418326693227	0.334661354582	0.155378486056
0.192231075697	0.277888446215	0.352589641434	0.177290836653
0.230309072782	0.419740777667	0.178464606181	0.17148554337
0.140438247012	0.212151394422	0.5796812749	0.0677290836653
0.0915422885572	0.402985074627	0.448756218905	0.0567164179104
0.125498007968	0.334661354582	0.417330677291	0.122509960159
0.299800796813	0.293824701195	0.279880478088	0.126494023904
0.107569721116	0.423306772908	0.299800796813	0.169322709163
0.00398803589232	0.298105682951	0.693918245264	0.00398803589232
0.073778664008	0.157527417747	0.632103688933	0.136590229312
0.00398406374502	0.692231075697	0.299800796813	0.00398406374502
0.00398803589232	0.534396809571	0.00398803589232	0.457627118644
0.00398803589232	0.229312063809	0.458624127617	0.308075772682
0.00398803589232	0.988035892323	0.00398803589232	0.00398803589232
0.102589641434	0.366533864542	0.49203187251	0.0388446215139
0.00398009950249	0.557213930348	0.335323383085	0.103482587065
0.191235059761	0.282868525896	0.521912350598	0.00398406374502
0.142430278884	0.475099601594	0.290836653386	0.0916334661355
0.19422310757	0.335657370518	0.384462151394	0.0856573705179
0.0746268656716	0.399004975124	0.401990049751	0.124378109453
>>Improbizer_CTCCGGCCGCC
0.00398406374502	0.537848605578	0.168326693227	0.28984063745
0.00398803589232	0.138584247258	0.100697906281	0.756729810568
0.0209163346614	0.855577689243	0.0717131474104	0.0517928286853
0.236055776892	0.722111553785	0.00398406374502	0.0378486055777
0.303784860558	0.0687250996016	0.607569721116	0.0199203187251
0.118644067797	0.239282153539	0.604187437687	0.0378863409771
0.00398406374502	0.623505976096	0.250996015936	0.121513944223
0.0667330677291	0.723107569721	0.122509960159	0.0876494023904
0.121513944223	0.171314741036	0.703187250996	0.00398406374502
0.0537848605578	0.525896414343	0.0677290836653	0.352589641434
0.136454183267	0.339641434263	0.33764940239	0.18625498008
>>Improbizer_GCAGGGGGCGGC
0.050796812749	0.387450199203	0.438247011952	0.123505976096
0.126368159204	0.468656716418	0.315422885572	0.089552238806
0.40438247012	0.209163346614	0.296812749004	0.0896414342629
0.105577689243	0.335657370518	0.469123505976	0.0896414342629
0.207960199005	0.0208955223881	0.699502487562	0.0716417910448
0.108565737052	0.0906374501992	0.675298804781	0.125498007968
0.248007968127	0.228087649402	0.418326693227	0.105577689243
0.00398406374502	0.211155378486	0.729083665339	0.0557768924303
0.361553784861	0.49203187251	0.00398406374502	0.142430278884
0.0179461615155	0.0388833499501	0.939182452642	0.00398803589232
0.0219123505976	0.00398406374502	0.970119521912	0.00398406374502
0.142572283151	0.557328015952	0.296111665005	0.00398803589232
>>Improbizer_CTTCCTG
0.0208955223881	0.726368159204	0.18407960199	0.0686567164179
0.0199401794616	0.397806580259	0.036889332004	0.545363908275
0.00398803589232	0.00398803589232	0.231306081755	0.760717846461
0.0537848605578	0.922310756972	0.00398406374502	0.0199203187251
0.00398803589232	0.988035892323	0.00398803589232	0.00398803589232
0.0527888446215	0.116533864542	0.20219123506	0.628486055777
0.117647058824	0.00398803589232	0.709870388833	0.168494516451
>>Improbizer_TGGTTCCCC
0.145418326693	0.283864541833	0.0707171314741	0.5
0.00398803589232	0.286141575274	0.705882352941	0.00398803589232
0.049850448654	0.416749750748	0.529411764706	0.00398803589232
0.150548354935	0.318045862413	0.101694915254	0.429710867398
0.00398803589232	0.00398803589232	0.229312063809	0.762711864407
0.00398803589232	0.778664007976	0.00398803589232	0.213359920239
0.0189054726368	0.644776119403	0.187064676617	0.149253731343
0.00398803589232	0.878364905284	0.113659022931	0.00398803589232
0.133333333333	0.44776119403	0.203980099502	0.214925373134
>>Improbizer_CAGGAAGA
0.0707876370887	0.921236291127	0.00398803589232	0.00398803589232
0.594621513944	0.0896414342629	0.311752988048	0.00398406374502
0.00398803589232	0.0199401794616	0.972083748754	0.00398803589232
0.122509960159	0.0697211155378	0.736055776892	0.0717131474104
0.615154536391	0.137587238285	0.243270189432	0.00398803589232
0.753984063745	0.0866533864542	0.0209163346614	0.138446215139
0.104581673307	0.207171314741	0.583665338645	0.104581673307
0.411354581673	0.393426294821	0.191235059761	0.00398406374502
>>Improbizer_GGGTCCT
0.0647410358566	0.0866533864542	0.730079681275	0.118525896414
0.0358565737052	0.00398406374502	0.677290836653	0.282868525896
