>Motif.5.1
8.92825256241e-06	0.999973215242	8.92825256241e-06	8.92825256241e-06
8.92825256241e-06	8.92825256241e-06	8.92825256241e-06	0.999973215242
8.92825256241e-06	8.92825256241e-06	8.92825256241e-06	0.999973215242
8.92825256241e-06	0.999973215242	8.92825256241e-06	8.92825256241e-06
8.92825256241e-06	0.999973215242	8.92825256241e-06	8.92825256241e-06
>Motif.6.4
1.51505969335e-05	0.0454669413975	0.954502757409	1.51505969335e-05
0.999954548209	1.51505969335e-05	1.51505969335e-05	1.51505969335e-05
0.802996788073	0.030316344464	0.030316344464	0.136370522999
1.51505969335e-05	1.51505969335e-05	0.999954548209	1.51505969335e-05
1.51505969335e-05	0.136370522999	1.51505969335e-05	0.863599175808
0.0454669413975	0.121219926065	0.772695594206	0.060617538331
>Motif.7.1
0.916634922147	0.0833412694634	1.19041950383e-05	1.19041950383e-05
1.19041950383e-05	0.0238202942717	0.9642517023	0.0119160992334
1.19041950383e-05	0.03572448931	0.952347507262	0.0119160992334
0.999964287415	1.19041950383e-05	1.19041950383e-05	1.19041950383e-05
0.845209751917	1.19041950383e-05	1.19041950383e-05	0.154766439693
0.130958049617	1.19041950383e-05	0.869018141993	1.19041950383e-05
0.0952454645017	0.190479024808	0.226191609923	0.488083900767
>Motif.7.3
0.160498247	0.444434842724	0.246913732655	0.148153177621
1.23450693793e-05	0.999962964792	1.23450693793e-05	1.23450693793e-05
0.999962964792	1.23450693793e-05	1.23450693793e-05	1.23450693793e-05
1.23450693793e-05	0.024702483828	0.975272826033	1.23450693793e-05
1.23450693793e-05	0.0493926225865	0.938237617895	0.0123574144487
0.617265814034	0.222223593897	0.148153177621	0.0123574144487
0.999962964792	1.23450693793e-05	1.23450693793e-05	1.23450693793e-05
>Motif.7.4
1.49244821205e-05	0.671616619903	0.179108709928	0.149259745687
0.462673870217	1.49244821205e-05	0.537296280819	1.49244821205e-05
0.059712852964	0.791012476867	1.49244821205e-05	0.149259745687
1.49244821205e-05	1.49244821205e-05	0.059712852964	0.940257298072
1.49244821205e-05	1.49244821205e-05	1.49244821205e-05	0.999955226554
0.0149394066026	0.985030744433	1.49244821205e-05	1.49244821205e-05
1.49244821205e-05	0.999955226554	1.49244821205e-05	1.49244821205e-05
>Motif.7.5
0.866633779532	0.0533438216628	1.33326222601e-05	0.0800090661831
0.0133459548824	0.0533438216628	0.933296890832	1.33326222601e-05
1.33326222601e-05	0.0266785771426	0.959962135353	0.0133459548824
0.853301157272	0.0266785771426	0.120006932964	1.33326222601e-05
0.906631646312	0.0266785771426	0.0533438216628	0.0133459548824
0.71997493467	1.33326222601e-05	0.226667911045	0.0533438216628
0.0933416884433	0.71997493467	1.33326222601e-05	0.186670044264
>Motif.8.1
1.36978795682e-05	0.780792833269	0.205481891403	0.0137115774478
0.561626760178	0.15069037313	0.178086132267	0.109596734426
0.0411073365843	0.808188592406	1.36978795682e-05	0.15069037313
0.082200975289	1.36978795682e-05	1.36978795682e-05	0.917771628952
1.36978795682e-05	1.36978795682e-05	1.36978795682e-05	0.999958906361
1.36978795682e-05	0.958865267657	0.0411073365843	1.36978795682e-05
1.36978795682e-05	0.986261026793	1.36978795682e-05	0.0137115774478
1.36978795682e-05	0.0548052161525	0.191784011835	0.753397074133
>Motif.8.3
0.0339129550539	0.949105145414	0.0169649515287	1.69480035252e-05
0.0508609585791	1.69480035252e-05	0.0339129550539	0.915209138364
1.69480035252e-05	0.169496983255	1.69480035252e-05	0.830469120738
1.69480035252e-05	0.999949155989	1.69480035252e-05	1.69480035252e-05
0.0508609585791	0.864365127788	0.0339129550539	0.0508609585791
0.0339129550539	0.474561046709	0.11865297268	0.372873025558
0.0169649515287	0.491509050234	0.237288997356	0.254237000881
1.69480035252e-05	1.69480035252e-05	1.69480035252e-05	0.999949155989
>Motif.8.4
1.24993750312e-05	1.24993750312e-05	1.24993750312e-05	0.999962501875
0.0875081245938	0.537485625719	0.0250112494375	0.34999500025
0.0125118744063	0.94996500175	0.0375106244688	1.24993750312e-05
0.0250112494375	0.899967501625	0.0750087495625	1.24993750312e-05
0.0250112494375	0.200002499875	1.24993750312e-05	0.774973751312
0.0125118744063	0.187503124844	0.112506874656	0.687478126094
0.0125118744063	0.412491875406	0.0750087495625	0.499987500625
1.24993750312e-05	0.912466876656	0.0875081245938	1.24993750312e-05
>Motif.9.1
1.88665006415e-05	0.999943400498	1.88665006415e-05	1.88665006415e-05
0.886744396649	0.113217870349	1.88665006415e-05	1.88665006415e-05
1.88665006415e-05	0.0188853671421	0.981076899857	1.88665006415e-05
1.88665006415e-05	0.0377518677836	0.962210399215	1.88665006415e-05
0.905610897291	0.0943513697079	1.88665006415e-05	1.88665006415e-05
0.943343898574	1.88665006415e-05	0.056618368425	1.88665006415e-05
0.471681382537	0.0377518677836	0.452814881896	0.0377518677836
1.88665006415e-05	0.50941438382	0.150950871632	0.339615878047
0.320749377405	0.24528337484	0.358482378688	0.0754848690665
>Motif.9.2
0.67184863446	0.25	0.0468876945191	0.0312636710206
1.56240234985e-05	0.968705080932	1.56240234985e-05	0.0312636710206
0.109383788513	1.56240234985e-05	1.56240234985e-05	0.89058496344
0.015639647522	1.56240234985e-05	0.0312636710206	0.953081057434
0.015639647522	0.921833010437	0.0468876945191	0.015639647522
1.56240234985e-05	0.99995312793	1.56240234985e-05	1.56240234985e-05
0.0781357415162	0.0468876945191	0.14063183551	0.734344728454
0.0468876945191	0.328120117493	0.35936816449	0.265624023499
0.125007812012	0.203127929504	0.0781357415162	0.593728516968
>Motif.9.3
1.53836686973e-05	0.0615500584579	0.0615500584579	0.876884499415
0.015399052366	0.723047812442	0.0307827210633	0.230770414128
0.27692142022	0.630745800258	0.0307827210633	0.0615500584579
1.53836686973e-05	0.892268168113	0.0769337271553	0.0307827210633
1.53836686973e-05	0.0461663897606	0.0769337271553	0.876884499415
1.53836686973e-05	0.369223432404	1.53836686973e-05	0.630745800258
0.0307827210633	0.73843148114	0.123084733247	0.10770106455
1.53836686973e-05	0.984570180297	0.015399052366	1.53836686973e-05
1.53836686973e-05	0.0923173958526	1.53836686973e-05	0.90765183681
>Motif.9.4
1.53836686973e-05	1.53836686973e-05	0.0307827210633	0.969186511599
0.015399052366	0.230770414128	1.53836686973e-05	0.753815149837
0.015399052366	0.969186511599	0.015399052366	1.53836686973e-05
0.0307827210633	0.90765183681	0.0615500584579	1.53836686973e-05
1.53836686973e-05	1.53836686973e-05	0.153852070642	0.846117162021
0.015399052366	0.399990769799	0.184619408036	0.399990769799
1.53836686973e-05	0.353839763707	0.184619408036	0.461525444588
0.0615500584579	0.753815149837	0.0615500584579	0.123084733247
0.0615500584579	1.53836686973e-05	0.0769337271553	0.861500830718
>Motif.9.6
0.142863945146	0.206351977652	0.063503904514	0.587280172687
1.58720081265e-05	0.825360294584	0.12699193702	0.0476318963875
0.0952479207669	0.872976318964	1.58720081265e-05	0.0317598882611
0.61902418894	0.142863945146	0.0317598882611	0.206351977652
1.58720081265e-05	0.984080375849	1.58720081265e-05	0.0158878801346
0.333328042664	0.12699193702	0.12699193702	0.412688083296
0.063503904514	0.111119928893	1.58720081265e-05	0.825360294584
0.063503904514	0.93646435147	1.58720081265e-05	1.58720081265e-05
0.0158878801346	0.952336359596	0.0158878801346	0.0158878801346
>Motif.10.1
0.0169649515287	0.694885092536	1.69480035252e-05	0.288133007932
1.69480035252e-05	1.69480035252e-05	1.69480035252e-05	0.999949155989
1.69480035252e-05	0.203392990306	1.69480035252e-05	0.796573113687
0.0169649515287	0.864365127788	0.11865297268	1.69480035252e-05
1.69480035252e-05	0.932157141889	0.0678089621043	1.69480035252e-05
0.0508609585791	0.101704969155	0.135600976205	0.711833096061
0.0169649515287	0.271185004406	0.15254897973	0.559301064335
1.69480035252e-05	0.389821029083	0.11865297268	0.491509050234
0.0847569656294	0.813521117212	0.0169649515287	0.0847569656294
0.0339129550539	1.69480035252e-05	0.0339129550539	0.932157141889
>Motif.10.2
1.61279917425e-05	0.161296045416	0.161296045416	0.677391781175
0.0161441197342	0.790287723373	0.112912070189	0.0806560867041
0.387087929811	0.241936004129	0.193552028901	0.177424037159
0.0322721114767	0.64513579769	0.0645280949616	0.258063995871
1.61279917425e-05	0.0322721114767	1.61279917425e-05	0.96769563254
1.61279917425e-05	0.0322721114767	1.61279917425e-05	0.96769563254
1.61279917425e-05	0.887055673827	0.0967840784466	0.0161441197342
1.61279917425e-05	0.983823624282	1.61279917425e-05	0.0161441197342
0.0645280949616	1.61279917425e-05	0.0161441197342	0.919311657312
0.0322721114767	0.467727888523	0.290319979356	0.209680020644
>Motif.10.3
0.0344976208537	0.896507137439	1.72401903317e-05	0.0689780015171
0.0344976208537	0.482742569478	0.206899524171	0.275860285498
1.72401903317e-05	0.81030618578	0.103458382181	0.0862181918488
1.72401903317e-05	0.103458382181	0.896507137439	1.72401903317e-05
0.0517378111854	0.0862181918488	0.862026756775	1.72401903317e-05
1.72401903317e-05	0.982708089097	1.72401903317e-05	0.017257430522
0.017257430522	0.844786566444	0.103458382181	0.0344976208537
1.72401903317e-05	0.241379904834	0.586183711468	0.172419143507
0.189659333839	0.586183711468	0.224139714502	1.72401903317e-05
0.0344976208537	0.0689780015171	0.844786566444	0.0517378111854
>Motif.10.4
0.040833401355	0.775467308791	0.102052893641	0.0816463962126
2.04064974288e-05	0.0204269039262	0.040833401355	0.938719288221
0.040833401355	0.857093298506	0.040833401355	0.0612398987838
2.04064974288e-05	0.775467308791	2.04064974288e-05	0.224491878214
0.326524365358	0.591808831932	0.0816463962126	2.04064974288e-05
2.04064974288e-05	0.938719288221	0.0612398987838	2.04064974288e-05
0.204085380785	0.448963349931	0.0816463962126	0.265304873072
0.0204269039262	0.142865888499	2.04064974288e-05	0.836686801077
0.0204269039262	0.95912578565	0.0204269039262	2.04064974288e-05
0.12245939107	0.877499795935	2.04064974288e-05	2.04064974288e-05
>Motif.10.5
0.309518141129	2.38072564518e-05	0.690434244358	2.38072564518e-05
0.333325397581	0.309518141129	2.38072564518e-05	0.357132654033
0.0238310637082	2.38072564518e-05	2.38072564518e-05	0.976121321779
2.38072564518e-05	0.166674602419	0.214289115322	0.619012475002
0.0238310637082	0.904699552424	0.0714455766118	2.38072564518e-05
2.38072564518e-05	0.809470526617	0.0714455766118	0.119060089515
0.0238310637082	2.38072564518e-05	2.38072564518e-05	0.976121321779
0.0238310637082	0.166674602419	0.761856013713	0.04763832016
0.380939910485	0.0714455766118	0.333325397581	0.214289115322
0.714241500809	2.38072564518e-05	0.238096371774	0.04763832016
>Meme_6_w6
0.999998500003	4.99999000002e-07	4.99999000002e-07	4.99999000002e-07
4.99999000002e-07	4.99999000002e-07	0.999998500003	4.99999000002e-07
4.99999000002e-07	4.99999000002e-07	0.999998500003	4.99999000002e-07
4.99999000002e-07	4.99999000002e-07	0.999998500003	4.99999000002e-07
0.999998500003	4.99999000002e-07	4.99999000002e-07	4.99999000002e-07
0.999998500003	4.99999000002e-07	4.99999000002e-07	4.99999000002e-07
>Meme_2_w8
0.288458580109	0.653815091147	1.92292900546e-05	0.0577070994539
0.461522190601	0.0769363895085	0.269229290055	0.192312129836
1.92292900546e-05	1.92292900546e-05	0.99994231213	1.92292900546e-05
1.92292900546e-05	1.92292900546e-05	0.99994231213	1.92292900546e-05
0.99994231213	1.92292900546e-05	1.92292900546e-05	1.92292900546e-05
0.99994231213	1.92292900546e-05	1.92292900546e-05	1.92292900546e-05
0.423063610492	0.0961656795631	0.423063610492	0.0577070994539
0.211541419891	0.730732251365	0.0577070994539	1.92292900546e-05
>Meme_9_w8
3.99936010238e-05	0.71992481203	3.99936010238e-05	0.279995200768
3.99936010238e-05	0.71992481203	3.99936010238e-05	0.279995200768
3.99936010238e-05	0.999880019197	3.99936010238e-05	3.99936010238e-05
3.99936010238e-05	0.999880019197	3.99936010238e-05	3.99936010238e-05
3.99936010238e-05	3.99936010238e-05	3.99936010238e-05	0.999880019197
3.99936010238e-05	0.999880019197	3.99936010238e-05	3.99936010238e-05
3.99936010238e-05	0.999880019197	3.99936010238e-05	3.99936010238e-05
3.99936010238e-05	0.71992481203	3.99936010238e-05	0.279995200768
>>Improbizer_CGCGGGACGGCCGCGCGCGG
0.0910006359975	0.418999324003	0.334999660001	0.155000379998
0.192000231999	0.277999888	0.352999588002	0.177000291999
0.230230309388	0.420419738059	0.178178465752	0.171171486801
0.140000439998	0.212000151999	0.580998676005	0.0670007319971
0.0909097266345	0.403595789827	0.449549652149	0.0559448313893
0.125000499998	0.334999660001	0.417999328003	0.122000511998
0.299999800001	0.293999824001	0.27999988	0.126000495998
0.107000571998	0.423999304003	0.299999800001	0.169000323999
0.00300399197601	0.298298104912	0.695693911135	0.00300399197601
0.0730737814864	0.157157528899	0.633632097569	0.136136592046
0.00300098799605	0.693998224007	0.299999800001	0.00300098799605
0.00300399197601	0.535534392255	0.00300399197601	0.458457623793
0.00300399197601	0.229229312395	0.459458620786	0.308308074843
0.00300399197601	0.990988024072	0.00300399197601	0.00300399197601
0.102000591998	0.366999532002	0.492999028004	0.0380008479966
0.00299799001802	0.558440325913	0.335663993351	0.102897690719
0.191000235999	0.282999868001	0.522998908004	0.00300098799605
0.142000431998	0.475999096004	0.290999836001	0.0910006359975
0.194000223999	0.335999656001	0.384999460002	0.0850006599974
0.0739267775154	0.399599801799	0.40259679282	0.123876627866
>Meme_1_w10
1.66655556296e-05	0.933287780815	1.66655556296e-05	0.0666788880741
0.366658889407	0.25	1.66655556296e-05	0.383324445037
1.66655556296e-05	0.649973335111	0.0500133324445	0.299996666889
0.0333477768149	0.133341110593	1.66655556296e-05	0.833294447037
0.0333477768149	0.0500133324445	0.116675554963	0.799963335778
1.66655556296e-05	0.999950003333	1.66655556296e-05	1.66655556296e-05
0.0166822211853	0.966618892074	1.66655556296e-05	0.0166822211853
0.0333477768149	0.0333477768149	0.116675554963	0.816628891407
1.66655556296e-05	0.25	0.466652223185	0.283331111259
0.0666788880741	0.549980001333	0.116675554963	0.26666555563
>Meme_2_w10
0.0741001333136	0.0741001333136	0.592541845652	0.25925788772
3.70315508814e-05	0.407384091246	3.70315508814e-05	0.592541845652
3.70315508814e-05	3.70315508814e-05	3.70315508814e-05	0.999888905347
3.70315508814e-05	3.70315508814e-05	3.70315508814e-05	0.999888905347
3.70315508814e-05	0.999888905347	3.70315508814e-05	3.70315508814e-05
3.70315508814e-05	0.999888905347	3.70315508814e-05	3.70315508814e-05
0.148163235076	0.333320989483	0.0370685824322	0.481447193008
3.70315508814e-05	3.70315508814e-05	0.851762701822	0.148163235076
3.70315508814e-05	0.703636498297	0.296289438602	3.70315508814e-05
0.333320989483	0.666604947415	3.70315508814e-05	3.70315508814e-05
>Meme_1_w9
0.666631947338	0.187505207899	0.062515623698	0.0833472210649
0.0416840263311	2.08315973669e-05	0.958274310474	2.08315973669e-05
2.08315973669e-05	2.08315973669e-05	0.999937505208	2.08315973669e-05
0.979105907841	0.0208524289643	2.08315973669e-05	2.08315973669e-05
0.958274310474	2.08315973669e-05	2.08315973669e-05	0.0416840263311
0.229168402633	2.08315973669e-05	0.770789934172	2.08315973669e-05
0.187505207899	2.08315973669e-05	0.166673610532	0.645800349971
2.08315973669e-05	0.104178818432	0.895779518373	2.08315973669e-05
0.25	0.291663194734	0.458315973669	2.08315973669e-05
>Meme_2_w9
0.224491878214	0.775467308791	2.04064974288e-05	2.04064974288e-05
0.489776344788	2.04064974288e-05	0.2857113705	0.224491878214
2.04064974288e-05	2.04064974288e-05	0.999938780508	2.04064974288e-05
2.04064974288e-05	2.04064974288e-05	0.999938780508	2.04064974288e-05
0.938719288221	0.0612398987838	2.04064974288e-05	2.04064974288e-05
0.999938780508	2.04064974288e-05	2.04064974288e-05	2.04064974288e-05
0.387743857644	0.0816463962126	0.530589339646	2.04064974288e-05
0.244898375643	0.530589339646	0.204085380785	0.0204269039262
0.510182842217	0.2857113705	0.12245939107	0.0816463962126
>Meme_4_w9
4.34707007477e-05	4.34707007477e-05	0.173926273692	0.825986784907
4.34707007477e-05	0.999869587898	4.34707007477e-05	4.34707007477e-05
4.34707007477e-05	0.39127977743	4.34707007477e-05	0.608633281168
4.34707007477e-05	0.739045383412	0.260867675187	4.34707007477e-05
4.34707007477e-05	0.912928186402	0.0869848721961	4.34707007477e-05
4.34707007477e-05	0.869457485655	4.34707007477e-05	0.130455572944
4.34707007477e-05	4.34707007477e-05	4.34707007477e-05	0.999869587898
4.34707007477e-05	0.999869587898	4.34707007477e-05	4.34707007477e-05
0.217396974439	0.782516084159	4.34707007477e-05	4.34707007477e-05
>Meme_7_w9
4.16597233794e-05	0.833236127312	4.16597233794e-05	0.166680553241
4.16597233794e-05	0.99987502083	4.16597233794e-05	4.16597233794e-05
4.16597233794e-05	0.99987502083	4.16597233794e-05	4.16597233794e-05
4.16597233794e-05	4.16597233794e-05	0.583277787035	0.416638893518
4.16597233794e-05	0.99987502083	4.16597233794e-05	4.16597233794e-05
4.16597233794e-05	0.99987502083	4.16597233794e-05	4.16597233794e-05
4.16597233794e-05	0.374979170138	4.16597233794e-05	0.624937510415
4.16597233794e-05	0.291659723379	0.0417013831028	0.666597233794
4.16597233794e-05	0.95821529745	0.0417013831028	4.16597233794e-05
>Meme_2_w7
3.57091844022e-05	0.89276531924	0.107163262391	3.57091844022e-05
0.857056134838	3.57091844022e-05	3.57091844022e-05	0.142872446793
3.57091844022e-05	0.928474503642	3.57091844022e-05	0.0714540779889
0.178581631196	3.57091844022e-05	3.57091844022e-05	0.821346950436
3.57091844022e-05	3.57091844022e-05	3.57091844022e-05	0.999892872447
3.57091844022e-05	0.999892872447	3.57091844022e-05	3.57091844022e-05
3.57091844022e-05	0.999892872447	3.57091844022e-05	3.57091844022e-05
>box_1_9_AGGAAG
0.699940007999	0.299993334222	3.33288894814e-05	3.33288894814e-05
3.33288894814e-05	3.33288894814e-05	0.999900013332	3.33288894814e-05
3.33288894814e-05	3.33288894814e-05	0.999900013332	3.33288894814e-05
0.999900013332	3.33288894814e-05	3.33288894814e-05	3.33288894814e-05
0.799926676443	3.33288894814e-05	3.33288894814e-05	0.200006665778
3.33288894814e-05	3.33288894814e-05	0.999900013332	3.33288894814e-05
>box_1_3_nAGGAAGn
0.146351575456	0.634108867428	0.195127304653	0.0244122524632
0.682884596625	0.317066627646	2.43878645986e-05	2.43878645986e-05
2.43878645986e-05	2.43878645986e-05	0.999926836406	2.43878645986e-05
2.43878645986e-05	2.43878645986e-05	0.999926836406	2.43878645986e-05
0.999926836406	2.43878645986e-05	2.43878645986e-05	2.43878645986e-05
0.92676324261	2.43878645986e-05	2.43878645986e-05	0.0731879816603
2.43878645986e-05	0.170739440055	0.829211784216	2.43878645986e-05
2.43878645986e-05	0.317066627646	0.24390303385	0.439005950639
>box_1_7_rGGArGkGs
0.407384091246	0.111131684195	0.481447193008	3.70315508814e-05
3.70315508814e-05	3.70315508814e-05	0.999888905347	3.70315508814e-05
3.70315508814e-05	3.70315508814e-05	0.999888905347	3.70315508814e-05
0.999888905347	3.70315508814e-05	3.70315508814e-05	3.70315508814e-05
0.370352540364	3.70315508814e-05	0.407384091246	0.222226336839
3.70315508814e-05	3.70315508814e-05	0.999888905347	3.70315508814e-05
0.25925788772	3.70315508814e-05	0.333320989483	0.407384091246
0.111131684195	3.70315508814e-05	0.888794252703	3.70315508814e-05
3.70315508814e-05	0.481447193008	0.51847874389	3.70315508814e-05
>box_1_2_CTTCC
1.66655556296e-05	0.999950003333	1.66655556296e-05	1.66655556296e-05
1.66655556296e-05	1.66655556296e-05	1.66655556296e-05	0.999950003333
1.66655556296e-05	1.66655556296e-05	1.66655556296e-05	0.999950003333
1.66655556296e-05	0.999950003333	1.66655556296e-05	1.66655556296e-05
1.66655556296e-05	0.999950003333	1.66655556296e-05	1.66655556296e-05
>box_1_7_CAGGAArnrn
5.26205009472e-05	0.999842138497	5.26205009472e-05	5.26205009472e-05
0.894601136603	0.105293622395	5.26205009472e-05	5.26205009472e-05
5.26205009472e-05	0.105293622395	0.894601136603	5.26205009472e-05
5.26205009472e-05	5.26205009472e-05	0.999842138497	5.26205009472e-05
0.999842138497	5.26205009472e-05	5.26205009472e-05	5.26205009472e-05
0.999842138497	5.26205009472e-05	5.26205009472e-05	5.26205009472e-05
0.473637129025	5.26205009472e-05	0.526257629973	5.26205009472e-05
5.26205009472e-05	0.473637129025	0.21053462429	0.315775626184
0.368396127131	5.26205009472e-05	0.473637129025	0.157914123342
0.263155125237	0.21053462429	0.526257629973	5.26205009472e-05
